18921 -90.0 0.0 0.0
18922 -90.0 0.0 0.0
18923 -90.0 0.0 0.0
18924 0.0 -90.0 0.0
18926 0.0 -90.0 0.0
18927 0.0 -90.0 0.0
18928 0.0 -90.0 0.0
18929 0.0 -90.0 0.0
18930 0.0 -90.0 0.0
18931 0.0 -90.0 0.0
18932 0.0 -90.0 0.0
18933 0.0 -90.0 0.0
18934 0.0 -90.0 0.0
18935 0.0 -90.0 0.0
18936 0.0 -90.0 0.0
18937 0.0 -90.0 0.0
18938 0.0 -90.0 0.0
18939 0.0 -90.0 0.0
18940 0.0 -90.0 0.0
18941 0.0 -90.0 0.0
18942 0.0 -90.0 0.0
18943 0.0 -90.0 0.0
18944 0.0 -90.0 0.0
18945 0.0 -90.0 0.0
18946 0.0 -90.0 0.0
18947 0.0 -90.0 0.0
18948 0.0 -90.0 0.0
18949 0.0 -90.0 0.0
18950 0.0 -90.0 0.0
18951 0.0 -90.0 0.0
18952 0.0 -90.0 0.0
18953 0.0 -90.0 0.0
18954 0.0 -90.0 0.0
18955 0.0 0.0 -90.0
18956 0.0 0.0 -90.0
18957 0.0 0.0 -90.0
18958 0.0 0.0 -90.0
18959 0.0 0.0 -90.0
18960 0.0 0.0 -90.0
18961 0.0 0.0 -90.0
18962 0.0 0.0 -90.0
18968 0.0 0.0 -90.0
18969 0.0 0.0 -90.0
18970 0.0 0.0 -90.0
18971 0.0 0.0 -90.0
18972 0.0 0.0 -90.0
18973 0.0 0.0 -90.0
18974 0.0 0.0 -90.0
18975 0.0 0.0 -90.0
18977 0.0 0.0 -90.0
18978 0.0 0.0 -90.0
18979 0.0 0.0 -90.0
19064 0.0 0.0 -0.0
19065 0.0 0.0 -0.0
19066 0.0 0.0 -0.0
19067 0.0 0.0 -90.0
19068 0.0 0.0 -90.0
19069 0.0 0.0 -90.0
19077 0.0 0.0 -90.0
19093 0.0 0.0 -90.0
19095 0.0 0.0 -90.0
19096 0.0 0.0 -90.0
19097 0.0 0.0 -90.0
19098 0.0 -90.0 0.0
19099 0.0 -90.0 0.0
19100 0.0 -90.0 0.0
19101 0.0 -90.0 0.0
19102 0.0 -90.0 0.0
19103 0.0 -90.0 0.0
19104 0.0 -90.0 0.0
19105 0.0 -90.0 0.0
19106 0.0 -90.0 0.0
19107 0.0 -90.0 0.0
19108 0.0 -90.0 0.0
19108 0.0 -90.0 0.0
19109 0.0 -90.0 0.0
19110 0.0 -90.0 0.0
19111 0.0 -90.0 0.0
19112 0.0 -90.0 0.0
19113 0.0 -90.0 0.0
19114 0.0 -90.0 0.0
19115 0.0 -90.0 0.0
19116 0.0 -90.0 0.0
19117 0.0 90.0 0.0
19118 0.0 90.0 0.0
19119 0.0 -90.0 0.0
19120 0.0 0.0 -90.0
19141 0.0 0.0 -90.0
19160 0.0 0.0 -90.0
19161 0.0 0.0 -90.0
19162 0.0 0.0 -90.0
19163 0.0 0.0 -90.0
19352 0.0 0.0 -90.0
19487 0.0 0.0 -90.0
19488 0.0 0.0 0.0
19514 0.0 0.0 -90.0
18639 0.0 0.0 -90.0
18640 0.0 0.0 -90.0
18638 0.0 270.0 0.0
18636 0.0 0.0 -90.0