19078 -15.0 0.0 0.0
19079 -15.0 0.0 0.0
19085 -15.0 0.0 0.0
19086 -15.0 0.0 0.0
19090 -15.0 0.0 0.0
19091 -15.0 0.0 0.0
19092 -15.0 0.0 0.0
19094 -15.0 0.0 0.0
19121 -15.0 0.0 0.0
19122 -15.0 0.0 0.0
19123 -15.0 0.0 0.0
19124 -15.0 0.0 0.0
19125 -15.0 0.0 0.0
19126 -15.0 0.0 0.0
19127 -15.0 0.0 0.0
19137 -15.0 0.0 0.0
19136 -15.0 0.0 0.0
19159 -15.0 0.0 0.0
19150 -15.0 0.0 0.0
19142 -15.0 0.0 0.0
19315 -15.0 0.0 0.0 
19317 -15.0 0.0 0.0
19318 -15.0 0.0 0.0
19319 -15.0 0.0 0.0
19347 -15.0 0.0 0.0
19348 -15.0 0.0 0.0
19351 -15.0 0.0 0.0
19350 -15.0 0.0 0.0 
19349 -15.0 0.0 0.0
19418 -15.0 0.0 0.0
19421 -15.0 0.0 0.0
19422 -15.0 0.0 0.0
19424 -15.0 0.0 0.0
19423 -15.0 0.0 0.0
19469 -15.0 0.0 0.0
19472 -15.0 0.0 0.0
19515 -15.0 0.0 0.0
2114 -15.0 0.0 0.0
3053 -15.0 0.0 0.0
3070 -15.0 0.0 0.0
2590 -15.0 0.0 0.0
18749 -15.0 0.0 0.0
18843 -15.0 0.0 0.0
18844 -15.0 0.0 0.0
18849 -15.0 0.0 0.0
18656 -15.0 0.0 0.0
18657 -15.0 0.0 0.0
18658 -15.0 0.0 0.0
18642 -15.0 0.0 0.0
18641 -15.0 0.0 0.0
18644 -15.0 0.0 0.0
18643 -15.0 0.0 0.0
18637 -15.0 0.0 0.0
18635 -15.0 0.0 0.0
18634 -15.0 0.0 0.0
18633 -15.0 0.0 0.0
18632 -15.0 0.0 0.0
1608 -15.0 0.0 0.0
1609 -15.0 0.0 0.0
1486 -15.0 0.0 0.0
1484 -15.0 0.0 0.0