18647 -15.0 0.0 0.0
18648 -15.0 0.0 0.0
18649 -15.0 0.0 0.0
18650 -15.0 0.0 0.0
18651 -15.0 0.0 0.0
18652 -15.0 0.0 0.0
18653 -15.0 0.0 0.0
18654 -15.0 0.0 0.0
18655 -15.0 0.0 0.0
18656 -15.0 0.0 0.0
18657 -15.0 0.0 0.0
18658 -15.0 0.0 0.0
18659 -15.0 0.0 0.0
18660 -15.0 0.0 0.0
18661 -15.0 0.0 0.0
18662 -15.0 0.0 0.0
18663 -15.0 0.0 0.0
18664 -15.0 0.0 0.0
18665 -15.0 0.0 0.0
18666 -15.0 0.0 0.0
18667 -15.0 0.0 0.0
1000 -15.0 0.0 0.0
1001 -15.0 0.0 0.0
1002 -15.0 0.0 0.0
1003 -15.0 0.0 0.0
1008 -15.0 0.0 0.0
1009 -15.0 0.0 0.0
1010 -15.0 0.0 0.0
1013 -15.0 0.0 0.0
1014 -15.0 0.0 0.0
1015 -15.0 0.0 0.0
1016 -15.0 0.0 0.0
1018 -15.0 0.0 0.0
1019 -15.0 0.0 0.0
1020 -15.0 0.0 0.0
1021 -15.0 0.0 0.0
1022 -15.0 0.0 0.0
1023 -15.0 0.0 0.0
1024 -15.0 0.0 0.0
1025 -15.0 0.0 0.0
1028 -15.0 0.0 0.0
1029 -15.0 0.0 0.0
1034 -15.0 0.0 0.0
1037 -15.0 0.0 0.0
1045 -15.0 0.0 0.0
1046 -15.0 0.0 0.0
1059 -15.0 0.0 0.0
1060 -15.0 0.0 0.0
1064 -15.0 0.0 0.0
1065 -15.0 0.0 0.0
1066 -15.0 0.0 0.0
1073 -15.0 0.0 0.0
1074 -15.0 0.0 0.0
1075 -15.0 0.0 0.0
1076 -15.0 0.0 0.0
1077 -15.0 0.0 0.0
1078 -15.0 0.0 0.0
1079 -15.0 0.0 0.0
1080 -15.0 0.0 0.0
1081 -15.0 0.0 0.0
1082 -15.0 0.0 0.0
1083 -15.0 0.0 0.0
1084 -15.0 0.0 0.0
1085 -15.0 0.0 0.0
1096 -15.0 0.0 0.0
1097 -15.0 0.0 0.0
1098 -15.0 0.0 0.0
1099 -15.0 0.0 0.0
1100 -15.0 0.0 0.0
1101 -15.0 0.0 0.0
1104 -15.0 0.0 0.0
1105 -15.0 0.0 0.0
1106 -15.0 0.0 0.0
1111 -15.0 0.0 0.0
1112 -15.0 0.0 0.0
1113 -15.0 0.0 0.0
1114 -15.0 0.0 0.0
1115 -15.0 0.0 0.0
1158 -15.0 0.0 0.0
1162 -15.0 0.0 0.0
1163 -15.0 0.0 0.0
1164 -15.0 0.0 0.0
1211 -15.0 0.0 0.0
1222 -15.0 0.0 0.0
1225 -15.0 0.0 0.0
1518 -15.0 0.0 0.0
1609 -15.0 0.0 0.0
1608 -15.0 0.0 0.0
1765 -15.0 0.0 0.0
1766 -15.0 0.0 0.0
18646 -15.0 0.0 0.0
18749 -15.0 0.0 0.0
18848 -15.0 0.0 0.0
19054 -15.0 0.0 0.0
19057 -15.0 0.0 0.0
19055 -15.0 0.0 0.0
19056 -15.0 0.0 0.0
19058 -15.0 0.0 0.0
19076 -15.0 0.0 0.0
19121 -15.0 0.0 0.0
19122 -15.0 0.0 0.0
19123 -15.0 0.0 0.0
19124 -15.0 0.0 0.0
19125 -15.0 0.0 0.0
19126 -15.0 0.0 0.0
19128 -15.0 0.0 0.0
19130 -15.0 0.0 0.0
19131 -15.0 0.0 0.0
19132 -15.0 0.0 0.0
19133 -15.0 0.0 0.0
19134 -15.0 0.0 0.0
19159 -15.0 0.0 0.0
19172 -15.0 0.0 0.0
19173 -15.0 0.0 0.0
19174 -15.0 0.0 0.0
19175 -15.0 0.0 0.0
19308 -90.0 0.0 0.0
19309 -90.0 0.0 0.0
19310 -90.0 0.0 0.0
19308 -90.0 0.0 0.0
19309 -90.0 0.0 0.0
19310 -90.0 0.0 0.0
19311 -90.0 0.0 0.0
19315 -15.0 0.0 0.0
3031 -15.0 0.0 0.0
3092 -15.0 0.0 0.0
331 0.0 0.0 0.0 1.0
333 0.0 0.0 0.0 2.3
334 0.0 0.0 0.0 1.8
335 0.0 0.0 0.0 1.5
336 0.0 0.0 0.0 2.3
337 0.0 0.0 50.0 2.65
338 0.0 0.0 0.0 3.0
339 0.0 0.0 0.0 3.2
341 0.0 0.0 0.0 2.5
321 0.0 0.0 0.0 1.8
322 0.0 0.0 0.0 1.5
323 0.0 0.0 0.0 1.6
324 0.0 0.0 0.0 1.4
325 0.0 0.0 0.0 2.0
326 0.0 0.0 0.0 2.0
342 0.0 0.0 0.0 1.0
346 0.0 0.0 0.0 1.5
347 0.0 0.0 0.0 1.5
348 0.0 0.0 0.0 1.5
349 0.0 0.0 0.0 2.0
350 0.0 0.0 0.0 2.0
351 0.0 0.0 0.0 2.0
352 0.0 0.0 0.0 2.0
353 0.0 0.0 0.0 2.0
355 0.0 0.0 0.0 2.0
356 0.0 0.0 0.0 2.0
372 0.0 0.0 0.0 2.0
357 0.0 0.0 0.0 2.0
358 0.0 0.0 0.0 2.0
365 0.0 0.0 0.0 0.8
366 0.0 0.0 0.0 2.0
367 0.0 0.0 0.0 1.0
371 0.0 0.0 0.0 2.0
369 0.0 0.0 0.0 1.0
362 0.0 0.0 0.0 2.0
360 0.0 0.0 0.0 2.0
361 0.0 0.0 0.0 2.0
359 0.0 0.0 0.0 2.0