331 0.0 0.0 0.0 1.0
333 0.0 0.0 0.0 2.3
334 0.0 0.0 0.0 1.8
335 0.0 0.0 0.0 1.5
336 0.0 0.0 0.0 2.3
337 0.0 0.0 50.0 2.65
338 0.0 0.0 0.0 3.0
339 0.0 0.0 0.0 3.2
341 0.0 0.0 0.0 2.5
321 0.0 0.0 0.0 1.8
322 0.0 0.0 0.0 1.5
323 0.0 0.0 0.0 1.6
324 0.0 0.0 0.0 1.4
325 0.0 0.0 0.0 2.0
326 0.0 0.0 0.0 2.0
342 0.0 0.0 0.0 1.0
346 0.0 0.0 0.0 1.5
347 0.0 0.0 0.0 1.5
348 0.0 0.0 0.0 1.5
349 0.0 0.0 0.0 2.0
350 0.0 0.0 0.0 2.0
351 0.0 0.0 0.0 2.0
352 0.0 0.0 0.0 2.0
353 0.0 0.0 0.0 2.0
355 0.0 0.0 0.0 2.0
356 0.0 0.0 0.0 2.0
372 0.0 0.0 0.0 2.0
357 0.0 0.0 0.0 2.0
358 0.0 0.0 0.0 2.0
365 0.0 0.0 0.0 0.8
366 0.0 0.0 0.0 2.0
367 0.0 0.0 0.0 1.0
371 0.0 0.0 0.0 2.0
369 0.0 0.0 0.0 1.0